./log/origin_checkpoint/cl/log_result_cl_5.30.txt
mAP:58.0875
rank1:54.787499999999994
rank5:68.65
rank10:76.05
rank20:85.1125
./log/origin_checkpoint/cl/log_result_cl_5.30.txt
mAP:58.0875
rank1:54.787499999999994
rank5:68.65
rank10:76.05
rank15:81.7625
rank20:85.1125
rank25:87.6
./log/origin_checkpoint/cl/log_result_cl_5.30.txt
mAP:58.0875
rank1:54.787499999999994
rank5:68.65
rank10:76.05
rank15:81.7625
rank20:85.1125
rank25:87.6
